0 1
1 2
2 3
3 4
4 5
5 6
6 7
7 8
8 9
9 10
10 11
11 12
12 13
13 14
14 15
15 16
16 17
17 18
18 19
19 20
20 21
21 22
22 23
23 24
24 25
25 26
26 27
27 28
28 29
29 30
30 31
31 32
32 33
33 34
34 35
35 36
36 37
37 38
38 39
39 40
40 41
41 42
42 43
43 44
44 45
45 46
46 47
47 48
48 49
49 50
50 51
51 52
52 53
53 54
54 55
55 56
56 57
57 58
58 59
59 60
60 61
61 62
62 63
63 64
64 65
65 66
66 67
67 68
68 69
69 70
70 71
71 72
72 73
73 74
74 75
75 76
76 77
77 78
78 79
79 80
80 81
81 82
82 83
83 84
84 85
85 86
86 87
87 88
88 89
89 90
90 91
91 92
92 93
93 94
94 95
95 96
96 97
97 98
98 99
0 6
0 46
2 57
3 9
3 20
3 43
3 49
4 24
5 0
5 17
6 21
6 54
6 69
7 11
8 94
9 55
10 18
10 51
10 52
10 81
11 19
11 23
11 27
11 63
11 97
12 1
12 2
13 6
13 19
13 24
13 57
14 47
14 64
14 69
15 4
15 24
15 33
15 38
15 52
15 55
16 84
17 10
17 73
18 2
18 5
18 85
19 30
19 40
19 58
20 29
20 35
20 41
20 45
20 48
20 49
20 56
20 97
21 14
21 25
21 52
21 69
21 90
22 31
22 38
22 75
23 45
23 50
23 83
23 85
25 0
25 46
25 82
26 37
26 67
26 90
28 8
28 26
28 80
30 3
30 32
30 71
30 73
30 79
30 91
31 0
31 39
31 46
31 64
31 77
31 81
32 5
32 16
32 75
32 90
33 9
33 57
33 93
34 48
34 58
34 71
35 66
36 4
36 27
36 30
36 39
36 60
36 64
36 75
37 25
37 43
37 87
38 27
38 61
38 70
38 72
39 59
40 50
40 55
40 66
41 13
41 53
42 8
42 31
42 46
42 73
42 89
43 24
43 63
43 97
44 4
44 25
45 66
45 73
46 51
46 52
47 21
47 28
47 41
47 42
47 54
47 66
47 67
47 99
48 44
48 50
48 77
48 88
49 45
49 79
49 93
50 0
50 72
50 82
51 66
51 86
52 28
52 75
53 1
53 48
53 49
53 61
53 83
53 94
54 40
54 49
54 65
55 22
55 61
55 62
55 77
55 78
56 25
56 51
58 10
58 21
58 61
58 63
59 2
59 31
59 64
59 86
60 13
60 44
60 45
60 84
61 3
61 32
61 37
61 49
61 59
61 90
62 45
62 73
62 89
63 76
64 20
64 24
64 32
64 53
65 12
65 55
65 88
66 97
67 98
68 7
68 8
68 25
68 29
68 73
69 15
69 25
69 31
69 77
69 84
70 35
70 52
70 80
71 4
71 52
71 90
71 94
72 1
72 4
72 15
72 52
72 56
73 91
74 6
74 29
74 57
75 20
75 81
75 95
76 14
76 27
76 38
77 49
77 79
78 15
78 17
78 52
78 70
78 75
79 22
79 38
80 14
80 33
80 62
80 91
81 17
81 45
81 93
81 98
82 66
83 5
83 65
83 80
84 61
85 37
85 69
86 36
86 57
86 81
86 97
87 1
87 45
87 79
88 16
88 55
88 76
89 17
89 26
89 29
89 59
89 69
89 74
89 92
90 79
91 6
91 85
92 26
92 68
93 14
93 54
95 13
95 33
95 78
95 81
96 57
97 30
97 85
98 21
98 26
98 85
99 12
99 35
99 87
